0.00652187
0.0126427
0.0179964
0.0222779
0.0252575
0.0267844
0.0267844
0.0252575
0.0222779
0.0179964
0.0126427
0.00652187
0.0134447
0.0260527
0.0370651
0.0458578
0.0519678
0.0550956
0.0550956
0.0519678
0.0458578
0.0370651
0.0260527
0.0134447
0.0212044
0.0410582
0.0583535
0.0721203
0.0816603
0.0865346
0.0865346
0.0816603
0.0721203
0.0583535
0.0410582
0.0212044
0.0303145
0.0586222
0.0831703
0.10261
0.116018
0.122848
0.122848
0.116018
0.10261
0.0831703
0.0586222
0.0303145
0.0414316
0.0799458
0.113096
0.139129
0.156956
0.165991
0.165991
0.156956
0.139129
0.113096
0.0799458
0.0414316
0.0554659
0.106633
0.150139
0.183856
0.206685
0.218169
0.218169
0.206685
0.183856
0.150139
0.106633
0.0554659
0.0737986
0.140983
0.19697
0.239471
0.267758
0.281831
0.281831
0.267758
0.239471
0.19697
0.140983
0.0737986
0.0987454
0.18653
0.257289
0.309299
0.343044
0.359567
0.359567
0.343044
0.309299
0.257289
0.18653
0.0987454
0.134653
0.249101
0.336357
0.39739
0.435554
0.453826
0.453826
0.435554
0.39739
0.336357
0.249101
0.134653
0.190767
0.338865
0.441647
0.508353
0.547955
0.566356
0.566356
0.547955
0.508353
0.441647
0.338865
0.190767
0.289548
0.473947
0.583011
0.646419
0.681557
0.697288
0.697288
0.681557
0.646419
0.583011
0.473947
0.289548
0.493478
0.684364
0.770032
0.812754
0.834566
0.843951
0.843951
0.834566
0.812754
0.770032
0.684364
0.493478
